To go from WRONG latin/lonbin to CORRECT latbin/lonbin

[x,translate] = translator_wrong2correct(JOB,iPrint)

%% see driver_convert_WRONG_latlon_individual_2_CORRECT_latlon.m
%% JOB = 1 : 4608

%%%%%%%%%%%%%%%%%%%%%%%%%
TESTING, noisy
for JOB = 1 : 4608
  x = translator_wrong2correct(JOB,1);
end

%%%%%%%%%%%%%%%%%%%%%%%%%%%%%%%%%%%%%%%%%%%%%%%%%%%%%%%%%%%%%%%%%%%%%%%%%%%%%%%%%%%%%%%%%%%%%%%%%%%%%%%%%%%%%%%%%%%%%%%%%%%%%%%%%%%%%%%%%%%%%%%%
%%%%%%%%%%%%%%%%%%%%%%%%%%%%%%%%%%%%%%%%%%%%%%%%%%%%%%%%%%%%%%%%%%%%%%%%%%%%%%%%%%%%%%%%%%%%%%%%%%%%%%%%%%%%%%%%%%%%%%%%%%%%%%%%%%%%%%%%%%%%%%%%
%%%%%%%%%%%%%%%%%%%%%%%%%%%%%%%%%%%%%%%%%%%%%%%%%%%%%%%%%%%%%%%%%%%%%%%%%%%%%%%%%%%%%%%%%%%%%%%%%%%%%%%%%%%%%%%%%%%%%%%%%%%%%%%%%%%%%%%%%%%%%%%%

To go from index eg 1 : 457, to YY/MM/DD
  timestepsStartEnd_2002_09_to_2024_09.m produces a mat file with [sergioindex  YY MM DD]

eg if you want to find timesteps containing 2022/2023

load timestepsStartEnd_2002_09_to_2024_09.mat

>> [(430:491); thedateS(430:491,:)'; thedateE(430:491,:)';]'
         001        2002           9           1        2002           9          16
         002        2002           9          17        2002          10           2
         003        2002          10           3        2002          10          18
>>>>>>>>>>>>>>>>>>>>>>>>>
         430        2021           6          17        2021           7           2
         431        2021           7           3        2021           7          18
         432        2021           7          19        2021           8           3
         433        2021           8           4        2021           8          19
         434        2021           8          20        2021           9           4
         435        2021           9           5        2021           9          20
         436        2021           9          21        2021          10           6
         437        2021          10           7        2021          10          22
         438        2021          10          23        2021          11           7
         439        2021          11           8        2021          11          23
         440        2021          11          24        2021          12           9
         441        2021          12          10        2021          12          25
         442        2021          12          26        2022           1          10
>>>>>>>>>>>>>>>>>>>>>>>>>
         443        2022           1          11        2022           1          26
         444        2022           1          27        2022           2          11
         445        2022           2          12        2022           2          27
         446        2022           2          28        2022           3          15
         447        2022           3          16        2022           3          31
         448        2022           4           1        2022           4          16
         449        2022           4          17        2022           5           2
         450        2022           5           3        2022           5          18
         451        2022           5          19        2022           6           3
         452        2022           6           4        2022           6          19
         453        2022           6          20        2022           7           5
         454        2022           7           6        2022           7          21
         455        2022           7          22        2022           8           6
         456        2022           8           7        2022           8          22
         457        2022           8          23        2022           9           7
         458        2022           9           8        2022           9          23
         459        2022           9          24        2022          10           9
         460        2022          10          10        2022          10          25
         461        2022          10          26        2022          11          10
         462        2022          11          11        2022          11          26
         463        2022          11          27        2022          12          12
         464        2022          12          13        2022          12          28
         465        2022          12          29        2023           1          13
>>>>>>>>>>>>>>>>>>>>>>>>>
         466        2023           1          14        2023           1          29
         467        2023           1          30        2023           2          14
         468        2023           2          15        2023           3           2
         469        2023           3           3        2023           3          18
         470        2023           3          19        2023           4           3
         471        2023           4           4        2023           4          19
         472        2023           4          20        2023           5           5
         473        2023           5           6        2023           5          21
         474        2023           5          22        2023           6           6
         475        2023           6           7        2023           6          22
         476        2023           6          23        2023           7           8
         477        2023           7           9        2023           7          24
         478        2023           7          25        2023           8           9
         479        2023           8          10        2023           8          25
         480        2023           8          26        2023           9          10
         481        2023           9          11        2023           9          26
         482        2023           9          27        2023          10          12
         483        2023          10          13        2023          10          28
         484        2023          10          29        2023          11          13
         485        2023          11          14        2023          11          29
         486        2023          11          30        2023          12          15
         487        2023          12          16        2023          12          31
>>>>>>>>>>>>>>>>>>>>>>>>>
         488        2024           1           1        2024           1          16
         489        2024           1          17        2024           2           1
         490        2024           2           2        2024           2          17
         491        2024           2          18        2024           3           4
