1231
1493
1515
1536
1545
1554
1555
1569
1570
1591
1598
1599
1618
1648
1659
1685
1742
1750
1751
1758
1816
1992
2093
2096
2120
2125
2172
2191
2204
2216
2225
2246
2251
2254
2255
2373
2463
2484
2493
2511
2514
2800
2805
2825
2911
2914
2937
2946
3007
3041
3139
3144
3147
3173
3208
3214
3221
3226
3233
3240
3288
3300
3318
3358
3374
3413
3420
3507
3524
3535
3540
3584
3595
3598
3616
3633
3640
3668
3674
3699
3724
3729
3733
3769
3775
3781
3783
3790
3793
3799
3808
3811
3827
3837
3839
3842
3850
3854
3860
3861
3865
3873
3874
3881
3885
3887
3890
3901
3905
3908
3909
3923
3924
3933
3939
3942
3953
3962
3967
3970
3985
3991
3994
4003
4015
4021
4025
4036
4037
4041
4044
4050
4052
4060
4062
4066
4091
4102
4104
4111
4112
4115
4149
4156
4171
4189
4248
