%% ftp://aftp.cmdl.noaa.gov/products/trends/ch4/ch4_annmean_gl.txt
  1984       1644.65          0.70
  1985       1657.27          0.60
  1986       1670.03          0.83
  1987       1682.67          0.53
  1988       1693.17          0.57
  1989       1704.46          0.59
  1990       1714.42          0.72
  1991       1725.02          0.74
  1992       1735.26          0.57
  1993       1736.46          0.46
  1994       1742.06          0.58
  1995       1748.86          0.48
  1996       1751.30          0.60
  1997       1754.46          0.34
  1998       1765.55          0.58
  1999       1772.44          0.58
  2000       1773.23          0.68
  2001       1771.20          0.52
  2002       1772.82          0.50
  2003       1777.36          0.52
  2004       1777.03          0.49
  2005       1774.11          0.57
  2006       1774.89          0.51
  2007       1781.40          0.57
  2008       1787.07          0.65
  2009       1793.48          0.63
  2010       1798.79          0.63
  2011       1803.19          0.62
  2012       1808.01          0.61
  2013       1813.38          0.66
  2014       1822.60          0.53
  2015       1834.22          0.52
  2016       1842.98          0.63
  2017       1849.66          0.69
  2018       1857.78          0.69
